              precision    recall  f1-score   support

           0       0.99      0.95      0.97        87
           1       0.99      0.96      0.98       149
           2       0.92      0.97      0.94        60
           3       0.98      0.94      0.96        95
           4       0.96      0.98      0.97        96
           5       0.96      0.97      0.96       116
           6       0.97      0.97      0.97        77
           7       0.99      1.00      0.99       135
           8       0.87      0.94      0.91        36
           9       0.99      1.00      1.00       114

    accuracy                           0.97       965
   macro avg       0.96      0.97      0.96       965
weighted avg       0.97      0.97      0.97       965
