[ 90   0   0   3   2   0   0   0   0   0   0]
 [  1 138   0   0   1   0   0   1   0   0   0]
 [  0   0  51   0   0   0   0   0   0   0   1]
 [  0   0   2  98   0   3   0   0   0   0   2]
 [  1   3   0   0 104   0   0   0   1   0   0]
 [  0   0   4   0   0 101   2   0   0   0   0]
 [  0   0   1   1   0   1  65   0   0   0   0]
 [  0   0   0   0   0   0   0 125   4   0   0]
 [  1   0   0   0   1   0   0   4  37   0   0]
 [  0   0   0   0   0   0   0   0   0 117   0]
 [  0   0   2   2   0   1   1   0   1   0 112]]
