             precision    recall  f1-score   support

           Biden   0.97      0.95      0.96        95
           1       0.98      0.98      0.98       141
           2       0.85      0.98      0.91        52
           3       0.94      0.93      0.94       105
           4       0.96      0.95      0.96       109
           5       0.95      0.94      0.95       107
           6       0.96      0.96      0.96        68
           7       0.96      0.97      0.97       129
           8       0.86      0.86      0.86        43
           9       1.00      1.00      1.00       117
          10       0.97      0.94      0.96       119

    accuracy                           0.96      1085
   macro avg       0.95      0.95      0.95      1085
weighted avg       0.96      0.96      0.96      1085
